%YAML:1.0
---
names:
  - "1"
  - "2"
R_1: !!opencv-matrix
  rows: 3
  cols: 1
  dt: d
  data: [-1.138, 1.130, 1.196]
Rot_1: !!opencv-matrix
  rows: 3
  cols: 3
  dt: d
  data: [0.041, -0.999, 0.032, 0.088, 0.035, 0.995, -0.995, -0.038, 0.090]
T_1: !!opencv-matrix
  rows: 3
  cols: 1
  dt: d
  data: [0.962, -0.231, 0.937]
R_2: !!opencv-matrix
  rows: 3
  cols: 1
  dt: d
  data: [-1.004, -1.208, -1.553]
Rot_2: !!opencv-matrix
  rows: 3
  cols: 3
  dt: d
  data: [-0.266, 0.961, 0.071, -0.168, -0.119, 0.979, 0.949, 0.248, 0.193]
T_2: !!opencv-matrix
  rows: 3
  cols: 1
  dt: d
  data: [-0.702, 0.192, -1.306]
