%YAML:1.0
---
names:
  - "1"
  - "2"

K_1: !!opencv-matrix
  rows: 3
  cols: 3
  dt: d
  data: [59043.211, 0.000, 4084.332, 0.000, 58871.786, -3036.833, 0.000, 0.000, 1.000]
dist_1: !!opencv-matrix
  rows: 1
  cols: 5
  dt: d
  data: [0.000, 0.000, 0.000, 0.000, 0.000]
K_2: !!opencv-matrix
  rows: 3
  cols: 3
  dt: d
  data: [66526.523, 0.000, 6142.261, 0.000, 66606.727, 4242.793, 0.000, 0.000, 1.000]
dist_2: !!opencv-matrix
  rows: 1
  cols: 5
  dt: d
  data: [0.000, 0.000, 0.000, 0.000, 0.000]
